6.733219
3.3037379
3.3252287
8.737354
7.0091686
5.693908
-0.4372642
2.3461375
6.570795
3.8292892
4.2131367
2.8700106
4.279569
3.0853074
1.3161199
-0.09390882
5.492007
1.3273983
2.3105085
1.5524712
1.5983381
1.8284081
4.117669
1.02486
2.3698137
3.6796765
0.87678087
3.977121
2.1003747
1.5042859
-0.3722513
6.5565658
3.770845
4.9521194
5.7734494
3.119872
4.647274
0.6527432
1.883619
5.839394
1.9098064
2.32845
3.0949407
3.141054
5.028029
3.721325
0.7188066
0.24943788
3.2407703
4.432693
0.34249175
4.4137435
2.8218274
0.68347734
0.46535507
4.1857214
1.9639018
3.031167
6.6932178
1.7052709
4.0092673
1.7347672
5.830482
5.9738517
3.5106146
1.2944013
3.9456913
4.0100985
5.4752
-0.7826725
0.25407663
5.9346275
-0.35819393
2.5605137
5.2994866
4.0655656
2.7709687
3.703651
4.038115
0.6898466
4.0254045
2.06175
3.4934344
5.7982874
4.5899434
-0.24542837
3.327533
3.353714
2.1016557
3.7460632
5.147152
6.9015493
-0.5050542
3.678128
5.813139
5.2641945
3.162834
3.5660758
2.4045908
-0.86949605
4.8131886
0.09966459
1.5977606
3.974172
2.048417
2.0486546
6.5410423
2.090092
5.9232526
3.9185162
3.7180064
3.1812942
3.065421
1.1073834
6.0728436
6.1128173
3.3776393
2.97393
-0.3867338
-0.73503596
0.84343255
2.998753
3.0151262
3.7122035
3.07229
5.545934
2.0723023
0.17408103
4.5712223
0.5681821
0.1136525
4.6186004
0.3853361
7.1461906
6.2777944
6.3130403
4.21203
6.3861027
0.06344958
2.3334544
0.09905726
5.655415
0.08666703
2.570847
5.2401924
5.394138
5.1900797
1.3556834
3.740536
-0.033468217
3.4174466
1.9418447
4.2948174
3.67841
3.0981824
0.17273471
-0.40100434
3.0359905
3.2690828
4.818849
1.0926082
0.41487014
3.0297618
2.649588
6.179685
2.206823
2.6731641
5.596059
3.1479342
3.829288
2.9122496
2.3669796
-0.3763941
3.988014
0.12393257
4.3905067
6.7906017
0.11769503
5.034069
3.1752958
2.9084485
3.0002434
6.077463
5.839349
7.8390465
1.6134617
-0.10706907
0.09569319
3.574544
1.7676067
0.79950786
0.047794398
3.391859
6.7803617
0.5532647
2.4836826
2.7677085
3.7801378
1.4695338
6.1999907
3.3277874
5.1610613
2.5181715
5.1544633
2.5642521
4.765941
0.1468153
0.75198853
6.366353
2.6070814
5.787653
3.7327118
5.215048
3.35013
3.6333969
3.9816675
1.1154643
4.406151
0.47658122
3.7918026
2.7926576
1.5700235
-0.5244153
2.8611333
1.4553672
3.298494
5.3982954
3.0382376
5.838256
5.095513
2.9333625
3.9035094
4.423418
2.2806466
0.02115836
2.9864054
0.6848817
0.74022794
5.588639
1.7664602
5.327515
2.8809614
-0.005202248
1.8926616
2.7484329
1.1735868
5.6216035
1.8371449
-0.66050065
0.5964626
4.8462253
-0.06822715
0.5540229
4.526778
3.2031865
0.18055911
3.6302085
1.8131801
1.1791275
4.399539
4.3614554
5.9154973
5.4632707
1.5268943
1.8453077
1.8071425
0.35221416
0.14536189
4.3718977
6.5390654
3.7495685
3.5523894
5.5660567
3.8604283
0.77442205
2.7178307
6.034445
-0.98609823
2.0485656
1.924689
0.7243671
1.9862847
3.3635778
5.046742
2.84436
-0.72396606
3.889794
0.42964154
1.9294227
1.4963944
5.8124914
0.15401958
2.6144235
2.9113886
5.8687077
3.6145413
4.250753
4.621223
2.567004
6.560092
