5.621219516651793
4.031006263623504
1.487991154894414
3.438656472066973
2.318655303329722
3.065983885178276
5.302792320997776
1.7176787540223288
4.040630004411644
3.1843631199671503
5.26274978870785
6.233330406640191
3.5475609391647245
3.960860952867052
4.496905506919893
-1.987406079469481
4.609258126411142
3.581572001095387
2.538030986194482
5.195395656402884
1.4479522892228769
5.81050502569748
3.1137677540399453
4.176197154235971
3.624485095441969
0.7757156336098315
3.999519260843157
1.453805281513627
2.9784331327397933
6.258431483332143
2.196423624803629
3.677806372103194
0.5972325370909314
3.906105772277161
5.363535944050116
3.8359456723772496
2.387609592861023
0.9565988785390409
0.7112157358342346
2.412323128384464
4.037275889213733
1.9707789196538053
0.9736361419289593
4.808433661639599
3.285012446291887
0.9367373191170401
5.226750220490339
0.44171108146799937
2.4229277885721454
3.2136899399369647
2.4294652238010346
5.383932112652968
2.7482100469592177
5.995137962317025
-0.16434982553984245
0.28513282380314997
0.3035413533741029
2.336289783012599
0.8937260585973997
5.875229173527121
3.2004166972038828
3.2728380729670468
0.1349790042823647
1.5312817722556682
2.739372578967655
4.01130667341629
4.034753765088642
0.14821836536867614
6.381341203263119
5.562497005580385
3.3751841792557413
3.110109221453287
2.6526645646129197
1.6580637364110395
0.38281457643151
3.6181561216728153
6.5575861716037025
4.346729593500931
0.9045386103034112
2.8831852053902347
4.808231000443035
2.3095707734254103
0.20888055495408903
2.276273593062757
-0.3687587909922513
3.208802755785708
-1.8280165758002096
3.473815925755297
4.927586266008
1.3088697045292688
0.7442917518078637
3.690720998563186
2.0676794304423285
2.665370092994818
0.9540558225304029
4.570858781946963
3.946239294281539
-0.8760114762636861
2.0309607510518926
3.254746689311605
6.219024727681583
3.139902120826301
4.841689649852261
0.2211049495618386
2.8417406223973183
0.2062936053197555
4.646249684400112
5.781429976929368
3.185374242918745
5.503421157733848
2.7600454898894258
6.025513126714705
3.181009236520393
0.3588101662308967
1.2748759691292655
6.339731772007914
3.06793833192058
0.8535221384245656
2.1619668261714438
5.838585884045726
6.072397770664169
6.179988712830432
0.5210221690998392
4.61323621785223
4.631244890539694
1.6775029083394224
6.85211096853324
4.190666236874069
2.344569911845463
2.9495844662919914
0.1622131173916484
6.424445641164431
4.10961819330827
3.9625057520142715
0.6219897260450881
1.6371329129047925
2.5700005106500035
6.328073627826172
4.290807354598094
0.5398112364663284
5.286697597904342
0.5460643722459575
1.8512006548723332
6.417174397290255
2.2240341146379023
1.4819191492034842
3.9180560201885837
2.2202909239550888
3.3075826425018295
0.9402022131753307
6.610074173571984
3.960505646936295
3.3221319161364575
2.3739031560837622
5.733957788675903
-0.40195780644945067
4.354574684474212
-0.1062786593175981
3.583699831689976
0.9226244196529182
0.03974588639004393
1.3430916509991944
0.9101157903753375
3.9742816312792484
3.023006669639656
5.958706775096482
2.398875909821957
5.058968545385102
4.189065241670988
3.446211278535629
0.30881602771909017
6.0144300437715
3.2569813464919983
3.2410755407353276
4.123539399596179
-0.8506890994171894
1.233816422032928
0.634100995672044
2.452994423760779
1.7649562827116982
5.714944924406589
2.351939885069245
1.8249789728375088
1.5190873059993273
1.069396106825905
3.0823472100453744
1.0094179152997684
6.234038563127089
2.701309610425117
1.933010339300217
4.747575879339815
4.645261280608417
3.912540299640225
2.368443087702739
0.19967968546884388
5.965708145709933
1.9701027610926414
0.9435281292387906
2.2964481609329215
5.718467224228193
1.7419906129199956
6.387689873812483
4.441795295407166
1.428692544467353
5.977559121135009
6.7477734747615195
5.494329569229335
1.3488020682434867
-0.5688698868053436
6.728577636347645
5.586321924931312
4.732098734803268
5.211002719924556
2.6297209202904708
6.750625827821462
5.68397785365994
1.9709060200643194
3.658826751771791
3.3629070224181836
3.8807979786802944
-0.3231732012564385
1.3974037430558754
2.6706369030853825
2.3323768670446605
0.3938078175073008
6.1834633090383955
4.760666454624765
2.1650470819094756
5.434961030794606
0.1343953407451797
1.117002736392854
1.588154095237905
3.237459807732283
4.910439686068604
1.035995212561828
0.24647988564058967
0.16323053038785293
1.3195026597805821
0.5133204429551215
4.338468145098244
5.642644262742103
1.9866414948775664
4.5599327974433
4.694241901229682
-0.4665325029399568
2.0820333626097867
3.3776090083803845
2.526361110590912
0.2684621453357663
3.386608150785965
6.401768364285335
3.13315396853769
-0.21492084279448714
-0.5863884044610362
2.995205657905346
5.394357602982838
0.19518995172475095
2.969348443700831
5.072698576383019
-0.06912315461703322
4.613722481486963
3.7125505326340558
-0.9134620350712674
1.7616425409944052
-0.12577911935457045
2.621765319911997
3.614952709874232
6.397261532409738
5.882601689537466
6.572832637053481
3.727815055193215
1.5852460719430033
1.5184403398838535
0.9253654418414
0.787673196037907
3.7798636613336045
2.9338789959888687
1.9753486020967979
3.763492021426045
0.49664207057226495
4.367459285662966
1.956273325597878
5.691181993115771
1.801518417132355
3.1576710419402625
5.867368728683841
6.44993305381674
0.4190525925567336
3.2775629405572895
3.851347157742872
6.452076646399999
4.6826322679741645
2.8046043362991906
2.498418767966787
3.8681044925675723
5.3935043927642425
2.8569070891399697
4.843960597378053
2.529084684569582
5.724581161451812
6.37690545116307
1.3793636514235221
0.7536652391391695
2.5691799467305425
3.388581848212667
3.088584019216336
0.7544835957610881
0.9056504760469668
2.9638833261420863
3.896041252337343
5.66066053562507
6.0183928112899725
5.257333649448335
-0.03857556472656381
1.6702261005414696
5.470084270903415
3.2877836678232875
6.741947244149034
4.853724223270777
3.0744126242314374
2.969310112844422
3.290595757463674
4.31064460947319
3.608868329723731
3.0292391969055488
4.13436004446854
0.6379511366010866
1.520509266484345
5.617760026151213
1.9875581492743648
3.220164262302393
1.049811062282447
0.4598954213977918
2.2166257944343304
4.137318067774044
-0.4139778176519197
0.7898384436099252
3.4661979086410684
1.22109028837577
1.549385700947295
0.41884641590993593
2.2787413602483046
4.1165456915180245
2.041479773759678
0.6442639149417633
-0.3449212629991954
4.759159370317604
1.3137259285771117
3.569471938754447
1.0793587880824187
-0.20715674031486134
6.222839334105206
2.4548125562972314
-0.17311023590875285
5.247216927893523
5.938716305792969
0.2341450545920265
3.2022676262425906
0.21782718929050568
0.9199787902684898
5.004313156149865
5.884980584207582
3.2129184894359466
5.720888910015244
2.471068845787264
5.196814048787867
5.207335820787232
3.09257735229569
3.083454722832216
2.1271017935582415
2.601351328862209
2.589896878911867
3.290281350495191
3.853651889833487
4.446709099510664
6.520686707778262
5.183126924048569
0.880938899108718
4.060246602574771
2.4525077354438736
2.2481200399913086
4.469534426847362
4.382005318930212
-0.756040051005694
3.521145768234768
4.843167111185194
-0.1331413411722715
1.4514001571882411
5.014042535834103
1.16029787609315
6.0928639155352835
-0.0703660425716045
0.5662127866467958
4.132725538594447
0.3166175447089046
2.1842015026511175
0.19907177409029203
5.906252764388689
5.002342047105784
3.0305845289876894
