-0.25167083740234375
-0.35530853271484375
-0.3790740966796875
-0.4029388427734375
-0.42636871337890625
-0.448394775390625
-0.4501953125
-0.46848297119140625
-0.472900390625
-0.470123291015625
-0.47713470458984375
-0.4855194091796875
-0.48969268798828125
-0.5061416625976562
-0.5088577270507812
-0.5099563598632812
-0.51959228515625
-0.5200653076171875
-0.523193359375
-0.5264892578125
-0.5250244140625
-0.5285797119140625
-0.5302352905273438
-0.529632568359375
-0.5323028564453125
-0.534332275390625
-0.5343856811523438
-0.5351104736328125
-0.538482666015625
-0.548492431640625
-0.543731689453125
-0.5432891845703125
-0.5424652099609375
-0.540985107421875
-0.5453033447265625
-0.5444793701171875
-0.5522308349609375
-0.5445709228515625
-0.5458526611328125
-0.5452194213867188
-0.5451736450195312
-0.5486907958984375
-0.548675537109375
-0.5534820556640625
-0.550689697265625
-0.5508499145507812
-0.5521621704101562
-0.554046630859375
-0.556182861328125
-0.5547103881835938
-0.5543594360351562
-0.5533905029296875
-0.5523681640625
-0.5542755126953125
-0.549163818359375
-0.5597000122070312
-0.5541915893554688
-0.5523223876953125
-0.5560684204101562
-0.5564804077148438
-0.55584716796875
-0.5542526245117188
-0.553375244140625
-0.5597915649414062
-0.5613479614257812
-0.5525894165039062
-0.5597152709960938
-0.554229736328125
-0.5629806518554688
-0.5563507080078125
-0.5588150024414062
-0.560455322265625
-0.5584259033203125
-0.5608291625976562
-0.560577392578125
-0.5614852905273438
-0.5603866577148438
-0.5605926513671875
-0.558685302734375
-0.5593185424804688
-0.5652618408203125
-0.5660018920898438
-0.5584869384765625
-0.5603256225585938
-0.5606613159179688
-0.5635147094726562
-0.56488037109375
-0.5660629272460938
-0.5644607543945312
-0.5625534057617188
-0.5619125366210938
-0.5633010864257812
-0.5666961669921875
-0.558837890625
-0.5681915283203125
-0.562835693359375
-0.5651321411132812
-0.562408447265625
-0.56207275390625
-0.5629959106445312
-0.561309814453125
-0.5642623901367188
-0.5630722045898438
-0.5578842163085938
-0.5617599487304688
-0.5577316284179688
-0.5659561157226562
-0.5610427856445312
-0.565155029296875
-0.5655441284179688
-0.5589523315429688
-0.5655517578125
-0.5692367553710938
-0.562164306640625
-0.5617828369140625
-0.5622787475585938
-0.562286376953125
-0.5592498779296875
-0.559600830078125
-0.5636520385742188
-0.5612106323242188
-0.5640106201171875
-0.5593948364257812
-0.5645675659179688
-0.56719970703125
-0.5643844604492188
-0.5670242309570312
-0.5671768188476562
-0.5628280639648438
-0.5654373168945312
-0.5678863525390625
-0.5654449462890625
-0.5647125244140625
-0.564483642578125
-0.559906005859375
-0.5664596557617188
-0.5615997314453125
-0.5616836547851562
-0.5634231567382812
-0.5647964477539062
-0.5635299682617188
-0.5617752075195312
-0.5630340576171875
-0.5645294189453125
-0.5675048828125
-0.5620803833007812
-0.563446044921875
-0.5629959106445312
-0.5623626708984375
-0.563629150390625
-0.5647506713867188
-0.5656280517578125
-0.5618667602539062
-0.5596542358398438
-0.5607147216796875
-0.5640182495117188
-0.5666351318359375
-0.5620193481445312
-0.5627365112304688
-0.5666961669921875
-0.566375732421875
-0.5638504028320312
-0.5693359375
-0.563751220703125
-0.5675048828125
-0.5681228637695312
-0.5635604858398438
-0.5667800903320312
-0.5645523071289062
-0.5683135986328125
-0.5642929077148438
-0.5631637573242188
-0.5604934692382812
-0.5664596557617188
-0.5711212158203125
-0.5647735595703125
-0.5670623779296875
-0.5613327026367188
-0.5691452026367188
-0.5635452270507812
-0.5701141357421875
-0.5612411499023438
-0.566864013671875
-0.5640106201171875
-0.5602645874023438
-0.5665435791015625
-0.5652542114257812
-0.565948486328125
-0.565521240234375
-0.563720703125
-0.5657196044921875
-0.5607833862304688
-0.5708465576171875
-0.5643234252929688
-0.5603790283203125
-0.5629730224609375
-0.561279296875
-0.5666275024414062
-0.5670394897460938
-0.5656661987304688
-0.5642547607421875
-0.572357177734375
-0.5634994506835938
-0.5667648315429688
-0.5619277954101562
-0.5652389526367188
-0.56707763671875
-0.5677642822265625
-0.565948486328125
-0.56475830078125
-0.5625228881835938
-0.5656051635742188
-0.5641326904296875
-0.5643844604492188
-0.5664749145507812
-0.5598831176757812
-0.564056396484375
-0.57049560546875
-0.564422607421875
-0.56109619140625
-0.5664291381835938
-0.5648269653320312
-0.5592880249023438
-0.5671844482421875
-0.566070556640625
-0.5659561157226562
-0.5634689331054688
-0.5650100708007812
-0.5701980590820312
-0.562255859375
-0.5680694580078125
-0.570068359375
-0.5646743774414062
-0.57025146484375
-0.5627365112304688
-0.564605712890625
-0.5669097900390625
-0.5659561157226562
-0.56427001953125
-0.5666885375976562
-0.5627288818359375
-0.5662307739257812
-0.5704269409179688
-0.5610198974609375
-0.5670166015625
-0.5659942626953125
-0.5686569213867188
-0.5645980834960938
-0.5653076171875
-0.5648880004882812
-0.5674972534179688
-0.5688934326171875
-0.5669021606445312
-0.57061767578125
-0.5697250366210938
-0.56268310546875
-0.5633697509765625
-0.5637588500976562
-0.5640182495117188
-0.5648880004882812
-0.5651626586914062
-0.563751220703125
-0.5634307861328125
-0.5652084350585938
-0.5646591186523438
-0.571044921875
-0.5670852661132812
-0.5667343139648438
-0.562408447265625
-0.5657424926757812
-0.566131591796875
-0.5655670166015625
-0.56524658203125
-0.568450927734375
-0.565826416015625
-0.566925048828125
-0.5665512084960938
-0.5658493041992188
-0.5621185302734375
-0.5647735595703125
-0.5673294067382812
-0.565185546875
-0.5633392333984375
-0.5703506469726562
-0.57000732421875
-0.5664291381835938
-0.559234619140625
-0.5600204467773438
-0.5676956176757812
-0.5678024291992188
-0.56512451171875
-0.5655899047851562
-0.5646133422851562
-0.5673828125
-0.5700759887695312
-0.5659866333007812
-0.56689453125
-0.5640716552734375
-0.5640945434570312
-0.5657730102539062
-0.569610595703125
-0.5670928955078125
-0.5641708374023438
-0.5679244995117188
-0.5612716674804688
-0.5671844482421875
-0.570037841796875
-0.5636062622070312
-0.5665969848632812
-0.5639877319335938
-0.5660476684570312
-0.5657196044921875
-0.5613861083984375
-0.5689468383789062
-0.5606536865234375
-0.5701446533203125
-0.563720703125
-0.563079833984375
-0.564605712890625
-0.5660171508789062
-0.5692520141601562
-0.5697784423828125
-0.5719451904296875
-0.5643463134765625
-0.5621337890625
-0.5627288818359375
-0.5624771118164062
-0.5684356689453125
-0.5635299682617188
-0.5646438598632812
-0.565826416015625
-0.56353759765625
-0.5592041015625
-0.5658416748046875
-0.5715179443359375
-0.5634384155273438
-0.5634536743164062
-0.573028564453125
-0.5655899047851562
-0.5715103149414062
-0.5659027099609375
-0.565765380859375
-0.5667190551757812
-0.568115234375
-0.5656890869140625
-0.5663223266601562
-0.5688247680664062
-0.567901611328125
-0.5633926391601562
-0.5654144287109375
-0.568145751953125
-0.56463623046875
-0.5692367553710938
-0.5633697509765625
-0.5651168823242188
-0.56524658203125
-0.5674819946289062
-0.5622482299804688
-0.5705108642578125
-0.5643539428710938
-0.5681533813476562
-0.5655746459960938
-0.5634002685546875
-0.567169189453125
-0.5671615600585938
-0.5665512084960938
-0.5635757446289062
-0.569671630859375
-0.5672378540039062
-0.5672225952148438
-0.567718505859375
-0.5661849975585938
-0.5667877197265625
-0.5683517456054688
-0.5691757202148438
-0.570770263671875
-0.5675811767578125
-0.5651473999023438
-0.57427978515625
-0.5642013549804688
-0.5683364868164062
-0.5665130615234375
-0.5659408569335938
-0.5603713989257812
-0.567718505859375
-0.567230224609375
-0.5643768310546875
-0.5614471435546875
-0.567474365234375
-0.567901611328125
-0.5682754516601562
-0.56146240234375
-0.566925048828125
-0.5676345825195312
-0.5672531127929688
-0.5598907470703125
-0.566009521484375
-0.5712890625
-0.569000244140625
-0.570159912109375
-0.5656204223632812
-0.5650482177734375
-0.5643310546875
-0.56884765625
-0.5739288330078125
-0.5706710815429688
-0.5654678344726562
-0.5700759887695312
-0.5695114135742188
-0.5702362060546875
-0.5681381225585938
-0.5653152465820312
-0.56768798828125
-0.5672073364257812
-0.56610107421875
-0.5684127807617188
-0.5650863647460938
-0.5728225708007812
-0.566802978515625
-0.5610122680664062
-0.5643310546875
-0.5712509155273438
-0.5718002319335938
-0.5682296752929688
-0.5650482177734375
-0.5707855224609375
-0.5655441284179688
-0.5689620971679688
-0.5667037963867188
-0.5681076049804688
-0.5678863525390625
-0.5657806396484375
-0.5648269653320312
-0.56689453125
-0.5687789916992188
-0.569305419921875
-0.5660934448242188
-0.568084716796875
-0.5673980712890625
-0.5702285766601562
-0.5661849975585938
-0.567718505859375
-0.5690765380859375
-0.5680770874023438
-0.5672454833984375
-0.5603103637695312
-0.5718154907226562
-0.564239501953125
-0.5669326782226562
-0.56610107421875
-0.566253662109375
-0.5652008056640625
-0.56488037109375
-0.5659103393554688
-0.5662460327148438
-0.5694808959960938
-0.5704879760742188
-0.5720291137695312
-0.5683517456054688
-0.5688095092773438
-0.5648269653320312
-0.5714645385742188
-0.5669479370117188
-0.5676422119140625
-0.5690841674804688
-0.5705032348632812
-0.5711593627929688
-0.5667572021484375
-0.571136474609375
-0.5673141479492188
-0.570526123046875
-0.568328857421875
-0.5726547241210938
-0.5692825317382812
-0.5669326782226562
-0.5657119750976562
-0.5684356689453125
-0.5676498413085938
-0.568206787109375
-0.56817626953125
-0.5696640014648438
-0.574066162109375
-0.5643768310546875
-0.5657424926757812
-0.569183349609375
-0.5628128051757812
-0.5715560913085938
-0.56719970703125
-0.56292724609375
-0.568145751953125
-0.567779541015625
-0.5679931640625
-0.5717315673828125
-0.5670394897460938
-0.5669174194335938
-0.5660247802734375
-0.5637741088867188
-0.5674896240234375
-0.5657196044921875
-0.5651168823242188
