2.3702846
3.8527222
2.923107
7.349413
4.599949
2.7703798
2.7697558
-1.6996021
1.0113155
5.587142
3.7185142
5.0366297
0.82907563
5.9957194
4.672347
1.0884877
7.065914
3.114281
4.9932666
-0.3166489
1.1234677
2.677622
5.761539
0.008950235
1.0773042
6.75164
0.6262682
1.6209747
8.440071
0.6309758
3.2107165
3.7372932
6.193344
1.9971106
2.5225527
0.5248038
1.3524336
3.3185012
3.0243185
-1.0353106
0.056275778
6.1917443
-0.15470918
1.184695
4.8937736
0.7219726
4.500205
6.3476367
6.3276143
4.387582
3.7708676
2.1304271
-0.98250467
4.239386
1.3955256
4.7393785
0.17084943
2.6518903
4.8824153
-0.75180656
5.2971992
1.0533617
0.19865319
3.0158496
4.677935
4.3549156
2.2386203
1.5659573
5.475849
5.3519135
1.5859112
3.9861288
3.545781
3.3887453
4.6225147
8.049679
5.003451
2.3695376
0.7128758
1.1769089
4.355134
0.19692504
0.43303534
5.838175
2.3550742
4.359355
6.1922603
4.4871516
4.3400016
1.9503384
0.6608633
1.3697884
4.98776
3.3006892
6.486796
0.077669136
3.8065085
0.66182715
1.7539432
2.673441
2.03641
6.3982224
0.17264745
0.16917135
0.07438575
4.732512
2.5792122
2.6434336
5.5494366
0.546049
2.56819
4.583195
0.49686018
1.6402472
5.9812737
0.593393
-0.31590036
4.6713867
6.340873
5.153024
0.9613494
3.744352
1.3182458
1.8447268
5.335394
0.9769265
4.8835406
3.9564602
-0.3261925
5.0258546
4.4932156
3.376036
3.0936518
4.529662
4.8605623
3.20889
1.9174529
5.755037
2.5555253
3.7974975
1.2154176
5.1678147
6.0639515
0.26943126
0.2616526
3.2125611
3.580987
3.8997889
3.0709481
1.5134605
1.0975608
1.7413816
2.8616588
1.1431724
0.7883756
2.2479405
1.642801
2.0317476
3.6818593
4.502809
2.4816039
0.6214965
2.0364351
6.8287916
5.8197393
5.034607
0.890037
4.219533
6.950241
4.8822746
2.184813
4.9883595
7.2795844
2.3736925
3.1906052
1.1682284
5.685637
5.004532
3.1180408
2.2055967
6.2861
2.5691123
1.3365301
3.2124643
4.9777713
2.9499936
0.7464845
2.4567294
6.278372
4.201933
1.0126095
2.0269969
6.0748715
4.0912366
2.6596732
4.831262
2.7443879
1.2304819
3.690402
2.6711495
0.5975522
0.9374176
0.60878426
4.6670747
1.3411913
1.4633456
3.0631814
3.306871
1.3488529
2.8629737
0.31790838
1.2819877
5.9266663
2.5613186
2.4337358
2.5363252
2.7419062
3.6555617
2.0938725
6.068708
2.1947556
0.69765633
3.0699327
6.3217883
2.093093
0.94174725
4.00627
0.09966225
5.298136
1.4196678
2.3385782
4.926765
5.75677
3.1871533
0.9285812
1.8008039
0.65663475
3.9741242
2.8055103
3.3457375
2.8177855
1.6634525
2.4851718
2.8268483
2.4024112
4.734027
1.7260447
0.9310243
5.060522
3.7856293
5.634685
1.90844
6.2400036
6.7511845
6.087975
7.0324636
2.9290867
3.7031386
3.2183242
2.5881608
6.043666
6.9784493
3.4904203
0.9997591
1.9692422
2.83901
2.1687977
3.0392306
2.8451328
-0.19384319
-0.3913652
5.981167
2.343813
3.1534607
-1.205299
0.56241065
0.12694526
3.8726046
1.9994317
0.99593127
1.0980426
5.458293
2.1064634
5.283805
2.272153
4.4030433
0.55308
6.307218
-0.27661398
4.72144
0.79230785
5.0902348
0.7957392
3.79985
5.4536138
5.500904
5.784343
2.216114
1.5903589
3.6139226
-2.1577885
5.499277
5.914159
2.3940947
3.9768336
3.031158
1.3157411
3.7430398
1.0152828
0.6372723
1.3496279
6.1516414
0.57867944
3.2167957
3.8820074
3.3827853
6.6257505
5.936768
-0.12692118
1.5387324
5.985987
2.343347
2.942475
5.0283766
4.7355313
2.886111
2.4229755
2.4840696
-0.12813456
5.272441
6.0709023
4.5510216
3.6788812
4.7884116
0.09553853
0.594747
4.558112
0.11961368
3.6337965
4.645361
3.7438703
2.2562346
3.5082953
5.6509156
2.8231938
2.0547352
2.0517771
5.436816
6.0353165
2.0610318
2.7150314
6.285556
1.8299913
2.7591634
1.3991592
1.657786
6.3213573
2.1238585
3.9873638
5.9820557
3.6890733
3.9788022
2.6938713
3.6005316
2.1806748
1.7891028
-0.44286785
1.2771538
5.761832
3.0883086
2.6159728
5.9890614
-0.12639058
3.1950305
3.4580884
2.5697436
5.120372
3.695309
1.8291754
4.5121
1.8520571
-0.41382185
1.4135714
3.2224748
4.0132685
3.434206
5.8736877
4.192818
3.2329428
0.17512886
2.2197328
2.7883193
0.56531066
3.4493744
1.5392839
0.40418977
0.050968904
5.793282
2.255773
4.5314584
-0.32312548
1.2882209
1.2287062
2.7681327
3.2469265
1.3368565
2.5794091
6.110466
5.0586867
5.1010456
1.5388185
1.6410114
3.2534316
3.8949811
4.3733273
2.2700171
5.2673283
0.045958027
0.97257495
0.06562967
1.8576516
1.4127055
0.109121665
3.8521154
4.142331
3.7799332
5.628388
5.278954
5.536917
3.7890396
3.8423233
3.8328576
2.2681098
4.370605
0.41881728
3.7908874
-0.00049962586
2.4675689
4.8059936
3.851268
0.48469183
5.8330536
3.4589972
6.1026936
4.7404
2.8805444
3.334198
5.3395853
6.610337
3.0880408
6.2225647
-0.09991973
4.190862
7.1635847
2.761124
-0.121578164
3.7836876
5.5174317
2.0924156
0.3572913
4.0198774
5.7084875
0.56369674
-0.2552362
0.08211924
6.603644
4.7993984
1.6164948
7.092379
3.4795728
2.480002
2.355174
1.9534501
0.18196003
2.2713318
1.246653
5.478988
0.31251222
1.2937901
0.99849707
6.0895243
0.6379084
5.7390094
6.287018
4.051691
4.524807
4.7786837
1.2873956
4.7100334
4.7147703
0.66606385
1.9658184
0.9618863
1.5282017
2.1755466
1.8815296
1.6081961
3.9593723
1.4016023
5.6535664
1.0000292
2.3378756
4.7735972
3.6552584
0.068458706
3.6108122
6.1542344
5.6256833
5.063185
0.3058059
5.8824625
1.4077189
6.86304
4.086787
3.707748
5.613013
3.453831
1.451224
2.8810594
2.1108108
4.695587
2.189715
2.9325144
0.0124377515
2.650199
5.87323
1.3292459
6.069253
0.27957982
4.056122
5.222466
4.9415116
0.7416394
2.3306892
3.0400832
-0.30248562
2.1774704
3.646827
6.236448
3.3105042
4.5642457
-0.40788653
3.4165175
0.046507627
2.6573215
4.5802226
6.2987194
1.5006355
6.76849
3.657549
5.632508
3.9813926
0.77616376
6.3357644
6.063627
2.400901
1.1364365
4.9480963
2.7442153
6.4640694
3.1880624
3.7711837
4.578853
2.4281874
1.1703064
2.0664468
3.755013
1.2404284
2.7125359
5.694824
5.288831
1.1385344
5.7384386
4.7562613
4.0449266
0.28476456
6.175246
5.594119
4.038391
0.6474513
2.1870818
6.1030135
0.1241779
0.77908903
6.5738764
2.983508
6.0247574
6.325044
4.9767923
4.374175
5.8368397
1.7466005
0.023832561
3.5434115
3.2133787
4.683907
5.981177
6.5228577
4.237897
0.9346229
-0.50800973
1.2345207
6.179324
3.7426012
1.0757066
0.49481633
1.8636177
1.9133545
2.6737652
1.6993349
7.01537
5.075593
5.0196238
3.8776844
2.7621038
-0.28067252
1.639205
3.3107395
5.5061398
1.9981555
3.4089515
-0.20064117
1.9739097
6.0076823
3.555276
-3.6686144
6.5663996
3.2481122
4.753713
3.0207646
4.6568413
2.4193296
6.1165695
4.990252
2.7161152
5.1206994
4.0632596
0.7508587
1.1971693
3.5290349
4.861431
1.3746215
0.5253215
7.697388
3.2286417
2.0609603
1.3919432
4.061905
1.1570297
1.9038718
2.3027244
4.1477323
1.5048262
5.397675
4.6613016
4.8013997
3.4981894
4.103162
1.1581444
0.113234095
3.798464
2.9530995
6.092923
3.4657052
0.71251816
4.7973065
3.565897
-0.89617187
3.2691479
-1.8767114
2.4744623
2.5768414
1.0779307
2.9229217
2.5089626
3.2871306
1.7474353
1.3383547
1.7566977
2.7631016
0.88974184
0.93573725
2.353084
6.5069337
4.5471015
6.737653
5.1276135
1.7317846
6.4082494
4.146766
4.670759
2.3541267
0.4240645
3.590072
1.9080325
3.8955295
3.8033607
3.8827302
6.4821863
4.970886
2.7008002
2.767233
5.866934
4.823384
-0.08389244
4.0682817
1.8637819
4.3511896
1.1798999
4.9928164
-0.35291687
3.445021
-0.1530171
1.3376906
4.7736483
4.4934883
0.7958578
2.6524308
3.8244653
1.5301338
5.140229
5.732448
0.11543622
4.5058312
0.68987226
2.8224845
5.000483
5.0690036
3.7572265
3.0800145
2.7047622
-0.15280454
1.3130858
5.006796
4.2818723
5.0107293
4.344308
2.6372933
-0.9517366
4.3698263
6.011001
3.5165658
0.87234706
1.0066049
2.7911887
2.665451
2.7740614
0.4529734
1.619352
0.49671945
3.0075781
5.02215
0.33080992
3.74555
5.558082
5.4302063
0.026887838
3.8066933
0.68348145
4.18424
4.472645
1.1736135
1.6978863
3.6810014
3.0228345
5.93876
1.487175
2.5207815
0.88339657
-0.1088495
1.6100162
3.7625055
5.703592
2.0646832
4.2236147
5.7149334
-0.29306296
2.7686493
2.1991146
-0.035921752
1.1892216
2.2214408
2.1149685
1.432198
3.8152258
2.3807771
5.024822
7.220085
1.5442885
4.173542
3.291638
5.1896977
0.9359911
1.1334234
1.9174094
1.6350784
5.2818456
3.4791431
-0.19844835
4.9057775
5.572662
1.9052427
2.8365738
3.6911085
5.4139338
2.718825
3.683687
3.0168715
6.615975
0.355066
5.1817565
6.021112
6.0264626
1.2365345
1.7014866
4.978959
6.5131955
5.1076126
5.808982
3.6280324
3.9009137
2.6127493
4.346012
5.844641
-0.24287021
1.1148286
5.667183
0.285864
3.3003824
3.7451887
1.5035123
0.7629635
1.3476173
-0.17978966
2.0545142
4.1347427
4.7454214
0.7976779
4.671957
7.530916
2.4212937
1.6417708
1.8500559
6.0940466
4.892404
4.7405634
1.2802701
3.482875
5.692355
4.290901
2.247159
3.3716729
4.4699383
6.614742
0.32317755
5.180836
1.8553895
0.5790668
2.1428874
0.9524506
-0.9286551
1.1453347
2.3533933
1.7785093
5.6790285
0.11277767
3.121446
0.022930266
0.593566
0.65412253
3.3735116
4.112836
1.8418885
0.92717844
0.54481465
0.9181776
4.3155746
0.72913074
5.4855995
1.4716415
5.8441286
0.33655846
4.7657657
5.9641294
3.1651583
-0.7710723
2.569894
2.3801274
2.3606832
-0.91767406
4.7545958
2.185499
1.7240341
2.5524473
2.7157655
4.261749
6.0535293
2.0104861
3.835302
1.7129198
