0.16258212717502432
0.4778691068907933
0.5452146821707925
0.5571551194124883
0.5952247647614022
0.6253511684955333
0.6506905006968249
0.710261216110856
0.7327591478692224
0.7292344303816019
0.749738225890307
0.7722274927386364
0.7902013125254975
0.8136046874350956
0.8277687405624443
0.8381487537792706
0.8531173920844595
0.8626669112633346
0.8639675368597978
0.8697463641006066
0.8791560259660102
0.8830533674051102
0.8848898421833092
0.8884264013819004
0.8935230930071567
0.8992583487772652
0.9031925526097158
0.9081237965174583
0.9181785816929396
0.9241793924782417
0.9229749810621973
0.9209400329948867
0.9213173525543126
0.9250031736163484
0.9268982639237497
0.9285349608430226
0.9295483812527342
0.9280271896896067
0.9287101512379192
0.933785275539451
0.9345839823374066
0.9345639091799619
0.935491123148084
0.9369917571271811
0.9389400025205363
0.9410473926965354
0.9438292365431553
0.9441358845002167
0.9440246119149542
0.9458611131567917
0.9479099673510418
0.9507502499414995
0.9517349686673174
0.9522920696789159
0.9532257400697606
0.953932148043428
0.9540169364490638
0.9561682620619653
0.956859789101307
0.9582401739123242
0.9597478403237569
0.9612008322125409
0.9614186126776179
0.9625709235710623
0.9623968131288778
0.9626171357075667
0.9631763131823177
0.9638197369396087
0.9670102102023335
0.9668551316250522
0.9661405922391401
0.9664791507085917
0.9663225561741384
0.967230744016451
0.96788013735027
0.9671976148788446
0.9690266062381936
0.9696868618687375
0.9714987225168165
0.9714993515832253
0.9725639857876085
0.9723601003306042
0.9720516626916155
0.9732204879388001
0.9725387827598967
0.9714576427060816
0.9714257378915796
0.9716674768182942
0.9732367202858679
0.9733896528285043
0.9724068484835143
0.9731816429276995
0.9731860806649701
0.9734055190950266
0.9733511358035862
0.9740089805748791
0.9741454460074048
0.9749133581448842
0.9738500421874541
0.9736475024339988
0.9727684896355073
0.9742278478870882
0.974546994282064
0.9741635671417385
0.9727440896398835
0.9743653762924415
0.9743245158515887
0.9750615274339677
0.9750302015907051
0.9741768124046788
0.9754682697747951
0.9767655394028265
0.9751129794204626
0.9750041406110349
0.9748980851260602
0.9750272931241749
0.9748992685180652
0.9745068181003597
0.975299383133762
0.9734166659750578
0.9755610744842806
0.975274871697637
0.9749639002789197
0.9748970242492507
0.974097453020368
0.9739494753345617
0.9753912888780266
0.9761171895693065
0.9766605337557487
0.9755464718778671
0.9751399909564797
0.9739343025277545
0.9721073953189272
0.9745999984037059
0.9757983765138418
0.9759301987088546
0.9758473721982364
0.9747517426471887
0.9738780193783575
0.9748346917977809
0.9758399808606033
0.9761385263532559
0.9759851521598976
0.9755007961862253
0.9748674858579196
0.9740002354291348
0.974710460989981
0.9759776836329376
0.9746918747597149
0.9763890371428762
0.9759670259523469
0.9760050658895415
0.9762090968472958
0.9740729618331858
0.9755890255067068
0.976496652205111
0.9761905843933922
0.9757357072771624
0.9767027806805278
0.9768414890029968
0.9772819675799937
0.9782678558439123
0.9787067331788227
0.9778615823418233
0.9777527030936559
0.9765381632194925
0.976826041862963
0.9777863157209786
0.9764124755316337
0.9759218354322723
0.977084046638734
0.9770115677396063
0.9781389302998008
0.978235288715538
0.9783976752163254
0.9796123465461835
0.9791314574039319
0.9770647677031709
0.9781464722880051
0.9785837757732717
0.9775806439169549
0.979275618481504
0.9773448894279385
0.9769599526692392
0.9788630810919574
0.9793055795218714
0.9797229927916689
0.9805043055083169
0.9781126396829021
0.9770143215103823
0.9775390449049021
0.9778137846095298
0.9789600340040194
0.9797554548260534
0.9810735039349993
0.9784318803258659
0.9789806238557185
0.9794405124984071
0.9799767466168685
0.9794480243639072
0.9793849414345479
0.9794622848110911
0.9768055672314386
0.9760861143461853
0.9755003333722779
0.9784682756886212
0.9790382466555833
0.9789475354957838
0.9785896073817124
0.9772061818115272
0.9794954286553441
0.9788817986289686
0.9789194254141634
0.9793952323794282
0.9777749526259216
0.9781781115838049
0.9794143269393873
0.980289256813675
0.980283012705801
0.9803292154813228
0.9806171879528734
0.9807827015963484
0.9814029356580741
0.9802075727381606
0.979148692533431
0.979415620793851
0.9805745550725095
0.9813873662967946
0.9805016481761015
0.9803045678325648
0.9808464242519297
0.981537748101152
0.9826594618812026
0.9816473113134896
0.9810098013916795
0.9802449653107259
0.9806293902427815
0.981422807159904
0.9807399531276819
0.9815654360339788
0.9814108400252832
0.979103484999951
0.9795625868029838
0.9796147748486839
0.9804057480261468
0.9794897054661627
0.9784049618817436
0.980158585450767
0.9816830180328875
0.9801094744619624
0.9797554014457713
0.9784841479118875
0.9747839281861193
0.9789828454824646
0.9789721673025433
0.9788846750045502
0.9795972537001482
0.9795106843049358
0.9812001812903062
0.9794326123310705
0.9799387532049181
0.9813408453925426
0.9794360060416236
0.9811824563963213
0.9814996426846632
0.9820639782286076
0.9826609286714149
0.9818081549536963
0.9803734963054775
0.9828934121938434
0.9828654655656028
0.9823687064222525
0.9824458199809314
0.9829245762290899
0.9822137893529679
0.9822122761435255
0.9830916728899973
0.9830447835937938
0.9829099619802912
0.983061553299714
0.9800970800536575
0.9813424539342224
0.9820160717587486
0.9823154686854555
0.9830451168960103
0.9829923660890633
0.9814121092190994
0.9810418555893144
0.978538745744079
0.9816834229983117
0.9815487650282466
0.9835165565823406
0.9831255074352495
0.9818398558735648
0.9799142069836237
0.9812288753151909
0.9804595971054932
0.9804153936348716
0.9822278649349384
0.9819184099053266
0.9808113602664436
0.9784169536964662
0.9776216062338989
0.9791014607036616
0.9796944325888055
0.9773491099677917
0.9804150768097274
0.9826000935172128
0.9825620032930745
0.9799858905815192
0.9808244103436904
0.9821786480616875
0.9783268712568148
0.9785233261544932
0.9799408761272124
0.981809596838784
0.9803605452002403
0.9791926184127692
0.9811662322256242
0.9793147559598607
0.9788934180072953
0.9814570472112284
0.980020795189876
0.9820053643497195
0.9790553814571358
0.9799500328049563
0.9804166154119196
0.9811303302944023
0.9796148338060752
0.9801279855652908
0.9791270432811531
0.9782289447715082
0.9808308793911186
0.9821000895208736
0.9822875652042793
0.9812570208177425
0.9822203304721339
0.982256869943009
0.9829179273255672
0.9823627365099528
0.9789914479802408
0.9800124783506446
0.9789603762047038
0.9809188912784762
0.9804767422727145
0.9821280963314493
0.9829210492252195
0.9816128143330145
0.9796518877947921
0.9799515878764324
0.9795090774135352
0.9808881618531906
0.9808004756920035
0.9822029719676644
0.9815581918328635
0.9815925545177132
0.9814149078679637
0.9818009443082545
0.9809335858377335
0.9794594942142351
0.981053513568491
0.9822932736356512
0.9810384596634883
0.9815344949924925
0.9839959312892873
0.982617492231381
0.9821060447349752
0.9813057447982737
0.9800910601881917
0.98207816165575
0.9809430433856968
0.9830324537712942
0.9817833821885201
0.9811346445390764
0.9815186738766928
0.9813851756405735
0.9802105838010945
0.9805971828029955
0.9815444830113853
0.980628404069966
0.9823342516508847
0.9826370966144302
0.980721834806536
0.9812080272513909
0.9785577291929474
0.9822532233012211
0.980681020893115
0.9802601123665545
0.9801421002064227
0.9818788793360747
0.9797948184148569
0.9773026014335139
0.9815486962003172
0.9811929483229967
0.9794033671799551
0.9786303406133781
0.9773234598680706
0.9800601588246101
0.9823135484514252
0.9814346465156609
0.9821869424100381
0.9829313105421089
0.9829317037167067
0.9827112446363996
0.9832449524023434
0.9835885236682926
0.9816544653778547
0.983083227367695
0.9806657874656162
0.9825677073319222
0.983183088221465
0.9836551754760688
0.9826066913368824
0.982918950975087
0.9830043082705403
0.984497941585618
0.9815907443802268
0.9822891642060698
0.9778469218481081
0.9791127600522571
0.9804284303404409
0.9831376895162256
0.9842751176525861
0.983696303747871
0.9827025872472883
0.9816594156696756
0.9830938533149107
0.982685763893417
0.9841548146612072
0.9832339500031857
0.9828647685419022
0.9849112110173935
0.9841193659874513
0.9836168454019877
0.9838624760921707
0.9844832016590007
0.9838732809961865
0.9829961152357815
0.9824519306954819
0.9817990065346537
0.9808695397152553
0.9836117219893938
0.985051577291287
0.9841682080397313
0.9856332329037705
0.9836656670750058
0.98460429016533
0.9833376122709927
0.9848090559315593
0.9824664461322085
0.9853979623361769
0.983500272289644
0.9828819987814233
0.9851661648046899
0.9838378385825728
0.9848321799333201
0.9841787487663249
0.9832831591126153
0.9855625923271178
0.9853616255301165
0.9842605411603054
0.985238055458248
0.9855260800205847
0.9855676801070733
0.9852724137311617
0.9841303240973898
0.9851323722563422
0.9856762586101466
0.9858285621153385
0.986413038154054
0.9850977373753631
0.98404534095362
0.983615881652096
0.9852245682908388
0.9846172151571115
0.9846342793044479
0.9825572192282571
0.9837368946159919
0.9834689614131866
0.982389263292389
0.9832514045936819
0.9808631139471576
0.9808765755752914
0.9834229712980135
0.9832815096553269
0.9831282770561778
0.9842034595719773
0.9836547060524083
0.9810188551835939
0.9800939400324095
0.9829134312672538
0.9821203819795632
0.9827572023863065
0.9805730751442489
0.9834583205492375
0.9823858228252494
0.983983789843741
0.9843889261878274
0.9817468453324291
0.9813594876630592
