-1.4294623
5.42836
4.5503707
0.9502994
6.025313
1.6984788
4.6193204
0.0821689
1.3309311
1.8437979
1.9649452
2.3054237
3.2267838
6.5053205
2.8892167
4.8477554
2.4711223
3.8623397
3.0312874
-0.3376066
0.31872708
0.53067845
6.635749
2.582589
4.8924217
4.2070885
5.281123
5.024953
4.404695
4.2688317
6.2559085
4.7374296
5.6954913
3.649885
4.283612
3.8294864
1.0939974
5.366824
6.415945
3.4135365
4.0013485
1.5164665
2.5859716
2.219206
5.6317296
1.8336563
5.1867013
0.4215414
6.6442533
1.1974113
6.2580957
6.946944
1.3361832
5.8491616
0.44844222
5.854556
-1.3666832
4.6751847
0.8123524
5.823134
6.407233
4.2366323
2.906908
5.832275
5.737173
2.7998576
1.8695312
3.8509765
3.0638785
0.5453464
0.18051247
5.395048
1.033074
4.23617
3.5975344
3.2877998
1.6582508
0.39626306
5.2139664
6.8110414
1.1372249
3.6876304
2.5469286
3.844024
0.6347126
3.6342034
1.7341568
4.190099
5.277431
2.2006295
8.559156
5.2547793
5.208081
-1.2233695
1.6274813
1.1715403
6.446795
5.456232
5.151908
4.0780945
4.404596
2.6014884
6.1630406
3.762596
3.4202256
6.5368614
3.9797904
2.0062397
4.933216
3.6357648
3.3628306
0.38053
3.799487
1.394785
7.030821
5.6115937
1.801361
0.08779494
0.991839
0.5524032
3.7680578
1.550695
2.3245845
4.2411995
4.022882
2.1502745
3.6810439
3.2129445
3.7478893
-0.2848675
1.8469973
5.2726865
4.321771
0.8275466
5.4743257
4.733858
5.21978
4.475794
2.3942392
0.2285511
4.6165915
-1.0436902
3.4612694
3.117596
2.7732744
0.99666595
3.267924
1.866826
5.0378337
1.7216352
-1.0353789
3.3150873
2.5020688
3.4203098
2.7763023
0.8231127
2.1478982
2.922144
-0.00047436374
0.839754
2.3679292
0.4505932
3.2861037
3.9147167
4.979275
1.9996201
-0.35343635
2.87218
3.4312708
5.4478636
3.4999642
5.490501
5.6929297
3.0947223
3.5874853
4.345001
6.6708817
3.8150313
5.5605564
-0.17253365
5.001404
3.177276
6.7086606
1.3121879
4.336303
2.4808202
3.334524
6.162784
1.334113
1.045559
1.9513876
2.8757024
1.9210967
5.146113
0.59931916
3.561463
4.0446634
4.096073
5.3883348
0.739095
2.2500257
2.2356756
0.78446186
4.195226
5.263572
-0.23781405
3.677673
0.5773161
1.476484
5.134289
3.1120396
0.11963357
0.34573314
1.239242
5.2924156
4.909899
1.1086142
4.1207566
0.9069
5.1060157
5.9954576
2.541123
4.7891245
1.4752554
4.229452
5.410724
3.2958374
1.2452174
3.2749043
2.1445613
3.2492297
0.58531994
4.3425913
0.027546786
3.5969775
5.611746
4.3122377
4.8327937
0.95624405
4.4705863
-0.99629825
6.3313756
2.5804467
0.9675707
-0.05058291
0.018108958
1.1176887
0.09530512
3.203188
1.974037
4.920255
3.2335947
1.8463033
3.8169749
1.358159
2.5537324
6.117678
5.3313565
3.2311583
0.6261452
3.3349078
3.0730753
4.4480453
6.54272
4.6085167
4.9028225
4.5573173
5.0176883
-0.20992969
0.28005055
3.8679702
3.144535
-0.3325825
4.8814116
2.9952416
2.4475923
0.24414591
1.9392341
1.4360511
4.661504
2.9429123
4.5592914
5.3426776
-1.3080019
2.9389708
-0.5146184
0.83645755
0.98339313
1.9201607
4.0452394
2.9977074
5.74953
4.2720733
2.1492226
6.2438917
5.225065
1.0140214
-1.4764996
3.1750557
4.1474967
-1.8336443
3.1409106
4.461927
1.9066427
2.5735285
3.6268878
2.7593987
3.7365496
3.1125522
1.8802716
-0.0590166
4.317331
2.6277282
5.482076
5.7599125
3.712194
3.1656778
0.25370622
6.630124
-1.192955
3.2052186
0.51378477
3.2815864
4.7790303
5.7241597
3.7562213
3.0725749
5.268174
3.6079202
1.5495144
1.8201516
6.322988
3.0232754
2.7763884
1.4993261
6.3267016
5.5069795
3.1806593
0.12683082
2.6672652
3.1357093
1.2400538
3.5340486
2.165406
4.9637403
3.010007
3.1791475
6.096316
0.0011489675
4.688316
4.289563
5.834431
5.983794
0.873023
5.0470486
3.1274478
-1.0183281
3.333988
5.8196707
2.9960482
8.301354
0.47180516
2.466671
5.0422335
5.283152
3.494438
1.4563836
5.0135555
0.08428008
1.6648742
5.7366147
0.77478266
5.7812757
0.537966
1.7679788
3.0009758
5.8971295
0.8665425
1.681708
4.735141
1.4561989
2.5441165
1.8256197
5.966294
4.789988
0.81880635
2.9474363
2.8914135
3.122375
3.7280788
0.3926074
6.422157
3.6498268
5.238767
4.900571
2.4305842
1.3966572
2.975908
5.79552
0.52888674
1.937031
3.3801093
1.1669699
2.3715625
1.558123
5.0409474
1.256302
1.5720662
0.5313254
5.8714604
4.3471947
0.80046445
0.7086393
1.2703216
4.551123
3.2807322
3.3744154
3.2428148
1.4151332
1.0338383
6.1200986
1.0879847
1.4511408
4.381787
3.20197
2.0398357
3.4541743
4.506769
3.6829338
1.4959441
0.6244528
6.132004
1.1754258
0.35536313
0.77406734
2.01756
3.4141128
2.9554958
5.2643676
1.0071572
3.118469
2.8535244
3.3537
4.5523286
2.683945
-0.037041176
2.1811266
3.9857886
6.361248
3.9198456
4.985895
1.4127883
5.8502035
2.3439214
3.8596685
2.0675592
3.2567098
2.843216
4.325156
0.9135695
5.320906
7.097783
1.3823878
-0.20891565
1.2026458
0.3515313
0.2651422
0.44484967
0.9558214
2.016208
0.5626461
3.5869956
2.075805
5.789352
4.142048
3.3646357
5.7679224
-0.23111339
6.285105
0.8677107
1.4180506
0.3571819
5.320066
5.3916554
5.284686
5.853826
2.3431118
4.9472013
2.9547923
3.955563
0.9444068
2.3398597
5.1663847
1.9581907
2.2830274
2.8254871
2.619619
4.4621353
-0.14141206
5.8853226
4.815849
4.903257
5.3714004
6.0623894
3.3326604
6.0498896
4.197087
3.5812044
5.636433
1.2148038
3.3753438
1.5723003
0.6076201
1.3920091
5.0496325
5.047983
4.9189863
1.8510371
0.074780144
0.84356827
3.9257054
0.24416654
4.448383
1.649944
4.950225
5.840417
3.8078868
3.0568118
5.240734
1.5127419
3.9925032
4.6330924
2.4191897
5.2162633
3.67576
4.3722544
0.37866816
2.372866
0.9138728
3.9508123
1.3312925
4.420647
1.4958774
3.0497139
3.2600443
1.9498535
4.918357
1.397654
3.8439236
6.28296
2.8738558
5.358798
1.3324615
2.0309396
4.1704707
1.4769752
2.0370529
2.9587855
5.8071656
0.69224846
0.490222
1.4980154
4.7326913
5.3140655
4.885086
1.5152986
2.2326663
0.9725497
6.500375
0.5527162
1.6606535
1.4344786
-0.23767553
1.7258785
6.059648
1.2925543
0.22256044
1.5847088
1.9298813
2.2766752
2.3681667
2.8941615
2.9692857
4.384265
5.719872
3.2118425
0.88971984
4.7179947
0.7094451
6.09053
3.9275703
3.1431286
7.116453
4.811363
0.99962264
3.7381814
1.4334357
2.899069
0.9840733
0.36399215
4.5274825
3.3894303
0.9937545
6.380167
0.4537398
2.9454927
4.7393384
4.681494
1.0396891
4.488419
5.2533345
3.9990203
3.1331053
5.742475
3.9175124
4.8640347
4.449828
1.6957744
7.1367393
3.0817878
7.1243634
0.91621155
5.7293463
4.3984466
5.361895
6.7293167
3.9748955
5.4518504
3.3672948
0.7964611
5.317214
4.2654366
3.5580313
0.7466969
4.2434764
0.63118607
5.1603374
3.846291
2.9633813
1.0209755
5.108771
3.0169737
1.1843927
3.490771
4.6935883
6.3049207
3.5036738
2.31385
-0.051848184
4.83997
1.4210781
3.070596
6.512156
2.8476985
5.485145
2.01138
0.61199737
2.7585557
6.0214987
2.088557
4.489299
4.8401985
1.1126788
3.8093822
2.3082929
5.8118443
2.7175891
1.9262534
4.0941825
2.1997225
1.5289245
1.0771011
1.6666765
1.1367078
4.7866974
3.0104797
3.5994687
2.5551376
1.8255328
1.4944654
3.5326407
3.4480202
5.0069103
5.002297
5.499594
2.6805196
5.807663
4.7988205
5.7683287
6.1450734
1.8464578
1.8149501
-0.44740245
3.3297265
5.6361666
5.2368374
1.3300292
0.65163213
2.559458
0.5984172
4.5767245
3.1073916
3.8528748
0.4211789
3.6398873
2.102109
2.741778
4.4205728
5.233325
4.9791517
2.4682546
6.172187
5.53816
5.784309
5.8384147
0.1821913
5.7623935
-0.8594064
3.0689588
0.40348995
1.5316828
3.5439148
3.5848382
5.3608284
1.6107635
3.2037854
3.6069634
3.5847023
3.2301488
2.587983
3.5939152
0.9717548
3.698067
2.7695003
5.423751
5.752876
3.206356
2.5965977
4.858587
0.3218821
2.2052846
0.72305304
3.0349343
3.590908
5.794295
3.6702805
0.15582336
1.3340546
6.5892816
2.6495802
3.1535306
3.4733348
3.8863187
3.7392504
2.7171564
0.5905881
5.4579406
4.3798413
0.68162704
5.6883645
3.0508657
0.8337192
2.097761
3.5605736
1.0797503
6.2883663
1.2868663
4.417936
1.0655984
6.132298
5.1353517
3.6513224
4.185307
4.694345
5.151107
3.9844165
1.1317996
3.9549851
6.5984006
5.4997005
2.643949
5.7516365
2.4957376
-0.006623257
2.5152366
4.450931
3.478105
4.6130486
0.5440882
-0.049186632
4.1184998
6.354823
2.1335125
3.7265904
4.831029
3.2848105
0.4423245
5.135046
3.9754643
5.776914
3.140728
4.456786
1.8843348
0.22971462
2.0275252
2.862312
1.1094257
2.6470652
4.8317685
3.5786319
6.7697287
5.302349
6.466643
2.6706743
5.517298
-0.13917714
2.1297743
5.117648
1.0814131
0.38986105
5.8109956
4.791732
1.3229426
6.7771463
1.0409926
4.6794887
5.2771416
4.207937
5.08277
2.2155666
6.213995
2.6301386
3.8013783
-0.106856026
2.2543027
3.542581
5.1611843
4.631443
2.35858
6.1469955
3.5315862
2.2588634
-0.48472148
2.8442774
1.0110025
1.513898
2.213318
-0.7813242
5.6003094
2.2644463
1.5146031
6.45852
3.2056067
5.697979
1.7271323
5.42483
-0.5499165
0.0928586
4.5729218
4.358722
0.7880956
1.6166476
-0.45022094
0.31203815
6.022682
4.723596
4.7123404
1.1977668
5.2748933
5.2328634
2.8850293
5.4798236
5.973574
2.2192855
2.9509976
4.7785935
1.3815472
5.4475555
4.6232734
1.6049192
6.324083
4.9549966
5.5887585
1.3163
5.6378746
1.4135329
2.7803981
5.2068925
6.0364537
4.664078
2.8420067
2.4543974
1.4263034
5.6489935
3.8178706
3.234089
5.01926
2.066582
4.4678545
0.63627046
3.1582935
3.8588243
5.121179
4.8859315
5.5318522
-0.037506454
4.395109
0.7129471
4.8709726
0.09252744
1.7700617
4.5752378
2.7092526
5.159987
6.4599957
2.3832464
0.8795629
4.508519
2.249689
0.2114511
3.0956745
4.928548
0.52599925
-0.047942694
2.6842985
1.4480525
4.8221307
3.8758447
3.092022
1.9730704
4.2518525
0.817529
0.49809125
3.5099251
0.5265806
4.740912
4.597831
3.8032622
2.9073987
3.7718954
5.927244
1.2995569
4.0106773
3.4351916
3.861009
4.0611963
3.2863526
2.4356616
5.31276
2.5178149
4.159369
1.8429245
5.0090375
4.8101425
2.4853332
1.4441618
2.9059937
3.5820284
2.0624373
2.3069077
4.935197
2.901515
0.55457383
0.91192496
3.8485272
2.8011906
4.4830117
1.3045079
4.383955
3.8886704
3.2910213
0.33039197
3.6350222
5.846169
-0.17624363
0.7351829
-0.044451244
1.9090383
5.992123
1.7855978
3.095157
-0.08444202
2.4785357
4.9174924
5.2399683
6.008886
4.2281356
1.5274664
2.0451825
4.5878897
4.052974
3.1726348
2.744518
4.0146217
4.2413435
1.0553377
2.584584
-1.6460719
3.2630649
6.4282546
1.9061687
4.130291
4.424072
2.006631
1.0372038
1.3431925
0.35891536
5.553167
6.6230736
0.95027006
4.966622
1.789076
6.171055
4.182088
-0.13107549
4.694118
4.03787
2.630131
2.6892233
2.2857122
4.2875414
5.0332594
3.8107061
2.721601
0.17320728
2.7382853
1.8423237
5.1020956
2.7798724
7.202069
3.7216146
6.4146123
0.9153819
2.8074505
5.330459
4.317911
4.9524603
4.0594745
4.742496
1.2200645
1.7721792
3.5374327
3.935371
4.789503
5.767116
4.479556
1.1962363
0.19757755
0.011811071
5.1008663
5.2317157
4.927946
3.6302414
4.3955374
0.31573996
4.614229
3.3282213
-1.3578492
0.70819235
3.8187628
0.60900664
5.4025583
5.662374
4.71801
4.7450366
0.8716926
5.7404885
5.6019416
2.3471255
2.7576625
4.2580767
6.0031066
0.07397205
3.9102514
1.9083105
4.5115814
7.5575457
3.2821167
3.1447027
0.28474462
2.9210684
1.2518933
1.1555547
2.6924465
0.21506019
-1.1169751
4.0559726
5.670663
4.6793776
0.36844575
5.1977334
0.8317492
2.7430575
3.1850758
2.7653964
3.328798
5.9686127
3.0857856
2.8709264
2.6110132
6.2702084
0.03454765
4.212672
4.1959043
1.5433824
4.4019346
5.349305
2.1044185
1.0734707
4.80536
-0.099935144
7.4985824
4.3939548
2.9788792
-0.9927365
4.042297
1.365759
2.2529788
2.4548562
5.235599
2.601248
5.914362
4.307931
2.8488393
-0.05590797
4.4733877
-1.5084532
1.7848755
2.8657362
1.6332892
-1.2069587
5.515521
2.5606432
2.7749357
2.9464839
4.5309806
1.5606382
3.9271302
-0.3201777
2.6342182
